 $DATA  
Title                                                                           
C1       0
C           6.0     -0.1391000000      0.0053000000     -0.0001000000
   N31     6
   L       1
     1              0.0438000000  1.00000000  1.00000000
   D       1
     1              0.8000000000  1.00000000
        
CL         17.0      1.6266000000     -0.0617000000      0.0017000000
   N31     6
   L       1
     1              0.0483000000  1.00000000  1.00000000
   D       1
     1              0.7500000000  1.00000000
        
H           1.0     -0.5156000000     -0.5258000000     -0.8772000000
   N31     6
   P       1
     1              1.1000000000  1.00000000
        
H           1.0     -0.5153000000     -0.4675000000      0.9097000000
   N31     6
   P       1
     1              1.1000000000  1.00000000
        
H           1.0     -0.4567000000      1.0497000000     -0.0342000000
   N31     6
   P       1
     1              1.1000000000  1.00000000
        
 $END      
